645.0267065	0.896484375
645.1969535	0.905273438
645.3672004	0.920898438
645.5374474	0.94140625
645.7076944	0.963867188
645.8779414	0.994140625
646.0481884	1.020507813
646.2184354	1.049804688
646.3886824	1.081054688
646.5589294	1.1015625
646.7291764	1.118164063
646.8994234	1.138671875
647.0696704	1.16015625
647.2399174	1.181640625
647.4101644	1.21484375
647.5804114	1.233398438
647.7506584	1.248046875
647.9209054	1.272460938
648.0911524	1.291015625
648.2613994	1.319335938
648.4316464	1.344726563
648.6018934	1.36328125
648.7721404	1.38671875
648.9423874	1.416015625
649.1126343	1.432617188
649.2828813	1.452148438
649.4531283	1.484375
649.6233753	1.51171875
649.7936223	1.533203125
649.9638693	1.544921875
650.1341163	1.55078125
650.3043633	1.557617188
650.4746103	1.564453125
650.6448573	1.575195313
650.8151043	1.587890625
650.9853513	1.60546875
651.1555983	1.61328125
651.3258453	1.629882813
651.4960923	1.663085938
651.6663393	1.676757813
651.8365863	1.688476563
652.0068333	1.697265625
652.1770803	1.703125
652.3473273	1.709960938
652.5175743	1.713867188
652.6878213	1.733398438
652.8580682	1.737304688
653.0283152	1.735351563
653.1985622	1.735351563
653.3688092	1.736328125
653.5390562	1.74609375
653.7093032	1.75
653.8795502	1.75
654.0497972	1.754882813
654.2200442	1.771484375
654.3902912	1.793945313
654.5605382	1.817382813
654.7307852	1.829101563
654.9010322	1.833007813
655.0712792	1.8359375
655.2415262	1.826171875
655.4117732	1.833984375
655.5820202	1.83984375
655.7522672	1.833984375
655.9225142	1.838867188
656.0927612	1.848632813
656.2630082	1.868164063
656.4332552	1.88671875
656.6035021	1.90234375
656.7737491	1.922851563
656.9439961	1.924804688
657.1142431	1.948242188
657.2844901	1.96484375
657.4547371	1.9765625
657.6249841	1.987304688
657.7952311	1.997070313
657.9654781	2.004882813
658.1357251	2.014648438
658.3059721	2.028320313
658.4762191	2.043945313
658.6464661	2.057617188
658.8167131	2.068359375
658.9869601	2.092773438
659.1572071	2.131835938
659.3274541	2.16796875
659.4977011	2.204101563
659.6679481	2.2265625
659.8381951	2.240234375
660.0084421	2.25390625
660.1786891	2.270507813
660.348936	2.287109375
660.519183	2.302734375
660.68943	2.310546875
660.859677	2.329101563
661.029924	2.346679688
661.200171	2.385742188
661.370418	2.423828125
661.540665	2.458984375
661.710912	2.489257813
661.881159	2.517578125
662.051406	2.543945313
662.221653	2.581054688
662.3919	2.61328125
662.562147	2.645507813
662.732394	2.685546875
662.902641	2.723632813
663.072888	2.752929688
663.243135	2.772460938
663.413382	2.78125
663.583629	2.799804688
663.753876	2.83203125
663.924123	2.879882813
664.09437	2.92578125
664.2646169	2.97265625
664.4348639	3.012695313
664.6051109	3.045898438
664.7753579	3.083007813
664.9456049	3.120117188
665.1158519	3.15234375
665.2860989	3.188476563
665.4563459	3.208007813
665.6265929	3.2265625
665.7968399	3.259765625
665.9670869	3.295898438
666.1373339	3.33984375
666.3075809	3.388671875
666.4778279	3.432617188
666.6480749	3.467773438
666.8183219	3.486328125
666.9885689	3.504882813
667.1588159	3.522460938
667.3290629	3.546875
667.4993099	3.57421875
667.6695569	3.612304688
667.8398039	3.634765625
668.0100508	3.641601563
668.1802978	3.6328125
668.3505448	3.640625
668.5207918	3.65625
668.6910388	3.66796875
668.8612858	3.69140625
669.0315328	3.717773438
669.2017798	3.743164063
669.3720268	3.764648438
669.5422738	3.779296875
669.7125208	3.784179688
669.8827678	3.784179688
670.0530148	3.788085938
670.2232618	3.802734375
670.3935088	3.815429688
670.5637558	3.8203125
670.7340028	3.811523438
670.9042498	3.81640625
671.0744968	3.819335938
671.2447438	3.821289063
671.4149908	3.8359375
671.5852378	3.846679688
671.7554847	3.861328125
671.9257317	3.860351563
672.0959787	3.854492188
672.2662257	3.846679688
672.4364727	3.860351563
672.6067197	3.868164063
672.7769667	3.8671875
672.9472137	3.881835938
673.1174607	3.89453125
673.2877077	3.892578125
673.4579547	3.900390625
673.6282017	3.927734375
673.7984487	3.940429688
673.9686957	3.959960938
674.1389427	3.989257813
674.3091897	4.014648438
674.4794367	4.028320313
674.6496837	4.040039063
674.8199307	4.053710938
674.9901777	4.080078125
675.1604247	4.103515625
675.3306717	4.14453125
675.5009186	4.177734375
675.6711656	4.198242188
675.8414126	4.219726563
676.0116596	4.241210938
676.1819066	4.28125
676.3521536	4.328125
676.5224006	4.3828125
676.6926476	4.424804688
676.8628946	4.46875
677.0331416	4.509765625
677.2033886	4.537109375
677.3736356	4.561523438
677.5438826	4.5859375
677.7141296	4.616210938
677.8843766	4.635742188
678.0546236	4.670898438
678.2248706	4.708984375
678.3951176	4.731445313
678.5653646	4.763671875
678.7356116	4.80078125
678.9058586	4.846679688
679.0761056	4.893554688
679.2463526	4.924804688
679.4165995	4.96875
679.5868465	5.009765625
679.7570935	5.047851563
679.9273405	5.080078125
680.0975875	5.125
680.2678345	5.170898438
680.4380815	5.202148438
680.6083285	5.255859375
680.7785755	5.310546875
680.9488225	5.3515625
681.1190695	5.388671875
681.2893165	5.436523438
681.4595635	5.491210938
681.6298105	5.551757813
681.8000575	5.610351563
681.9703045	5.662109375
682.1405515	5.717773438
682.3107985	5.780273438
682.4810455	5.84375
682.6512925	5.895507813
682.8215395	5.9375
682.9917865	5.989257813
683.1620334	6.0390625
683.3322804	6.094726563
683.5025274	6.162109375
683.6727744	6.208007813
683.8430214	6.250976563
684.0132684	6.293945313
684.1835154	6.358398438
684.3537624	6.416992188
684.5240094	6.475585938
684.6942564	6.548828125
684.8645034	6.606445313
685.0347504	6.66015625
685.2049974	6.727539063
685.3752444	6.793945313
685.5454914	6.845703125
685.7157384	6.895507813
685.8859854	6.946289063
686.0562324	6.998046875
686.2264794	7.051757813
686.3967264	7.100585938
686.5669734	7.140625
686.7372204	7.190429688
686.9074673	7.274414063
687.0777143	7.345703125
687.2479613	7.393554688
687.4182083	7.428710938
687.5884553	7.455078125
687.7587023	7.484375
687.9289493	7.53515625
688.0991963	7.587890625
688.2694433	7.643554688
688.4396903	7.681640625
688.6099373	7.717773438
688.7801843	7.759765625
688.9504313	7.791992188
689.1206783	7.817382813
689.2909253	7.844726563
689.4611723	7.860351563
689.6314193	7.8828125
689.8016663	7.909179688
689.9719133	7.942382813
690.1421603	7.97265625
690.3124073	8.013671875
690.4826543	8.0546875
690.6529012	8.080078125
690.8231482	8.107421875
690.9933952	8.127929688
691.1636422	8.139648438
691.3338892	8.168945313
691.5041362	8.206054688
691.6743832	8.256835938
691.8446302	8.311523438
692.0148772	8.359375
692.1851242	8.385742188
692.3553712	8.422851563
692.5256182	8.454101563
692.6958652	8.483398438
692.8661122	8.51953125
693.0363592	8.547851563
693.2066062	8.583007813
693.3768532	8.626953125
693.5471002	8.673828125
693.7173472	8.719726563
693.8875942	8.766601563
694.0578412	8.80859375
694.2280882	8.83984375
694.3983351	8.876953125
694.5685821	8.920898438
694.7388291	8.966796875
694.9090761	9.01171875
695.0793231	9.063476563
695.2495701	9.11328125
695.4198171	9.15625
695.5900641	9.1953125
695.7603111	9.233398438
695.9305581	9.272460938
696.1008051	9.313476563
696.2710521	9.3515625
696.4412991	9.4140625
696.6115461	9.459960938
696.7817931	9.505859375
696.9520401	9.559570313
697.1222871	9.616210938
697.2925341	9.684570313
697.4627811	9.7421875
697.6330281	9.798828125
697.8032751	9.865234375
697.9735221	9.938476563
698.1437691	10.01269531
698.314016	10.08496094
698.484263	10.14160156
698.65451	10.20410156
698.824757	10.2734375
698.995004	10.35253906
699.165251	10.44921875
699.335498	10.5390625
699.505745	10.61816406
699.675992	10.70117188
699.846239	10.78417969
700.016486	10.85742188
700.186733	10.921875
700.35698	10.984375
700.527227	11.07226563
700.697474	11.14941406
700.867721	11.22851563
701.037968	11.31738281
701.208215	11.40234375
701.378462	11.48828125
701.548709	11.56542969
701.718956	11.65234375
701.889203	11.73144531
702.0594499	11.80371094
702.2296969	11.88671875
702.3999439	11.95898438
702.5701909	12.04394531
702.7404379	12.1484375
702.9106849	12.24707031
703.0809319	12.32128906
703.2511789	12.37011719
703.4214259	12.41992188
703.5916729	12.48046875
703.7619199	12.55175781
703.9321669	12.62402344
704.1024139	12.68066406
704.2726609	12.75097656
704.4429079	12.83105469
704.6131549	12.92480469
704.7834019	12.98242188
704.9536489	13.03417969
705.1238959	13.09277344
705.2941429	13.140625
705.4643899	13.18554688
705.6346369	13.22460938
705.8048838	13.25585938
705.9751308	13.25976563
706.1453778	13.27148438
706.3156248	13.28710938
706.4858718	13.30175781
706.6561188	13.31542969
706.8263658	13.296875
706.9966128	13.28222656
707.1668598	13.265625
707.3371068	13.25
707.5073538	13.23144531
707.6776008	13.19628906
707.8478478	13.13964844
708.0180948	13.07617188
708.1883418	13.00195313
708.3585888	12.9453125
708.5288358	12.87109375
708.6990828	12.79003906
708.8693298	12.70019531
709.0395768	12.60644531
709.2098238	12.51660156
709.3800708	12.40917969
709.5503177	12.29492188
709.7205647	12.1796875
709.8908117	12.06445313
710.0610587	11.93945313
710.2313057	11.82324219
710.4015527	11.70117188
710.5717997	11.56054688
710.7420467	11.41992188
710.9122937	11.27636719
711.0825407	11.15429688
711.2527877	11.02832031
711.4230347	10.86621094
711.5932817	10.6875
711.7635287	10.52050781
711.9337757	10.36328125
712.1040227	10.21484375
712.2742697	10.05859375
712.4445167	9.899414063
712.6147637	9.732421875
712.7850107	9.571289063
712.9552577	9.397460938
713.1255047	9.231445313
713.2957516	9.077148438
713.4659986	8.911132813
713.6362456	8.7578125
713.8064926	8.606445313
713.9767396	8.45703125
714.1469866	8.299804688
714.3172336	8.146484375
714.4874806	7.99609375
714.6577276	7.84765625
714.8279746	7.700195313
714.9982216	7.534179688
715.1684686	7.381835938
715.3387156	7.232421875
715.5089626	7.073242188
715.6792096	6.943359375
715.8494566	6.831054688
716.0197036	6.712890625
716.1899506	6.595703125
716.3601976	6.471679688
716.5304446	6.350585938
716.7006916	6.235351563
716.8709386	6.111328125
717.0411856	5.99609375
717.2114325	5.888671875
717.3816795	5.762695313
717.5519265	5.649414063
717.7221735	5.556640625
717.8924205	5.4609375
718.0626675	5.360351563
718.2329145	5.256835938
718.4031615	5.1640625
718.5734085	5.078125
718.7436555	4.994140625
718.9139025	4.911132813
719.0841495	4.838867188
719.2543965	4.765625
719.4246435	4.693359375
719.5948905	4.615234375
719.7651375	4.541015625
719.9353845	4.458984375
720.1056315	4.377929688
720.2758785	4.3046875
720.4461255	4.234375
720.6163725	4.162109375
720.7866195	4.08984375
720.9568664	4.021484375
721.1271134	3.970703125
721.2973604	3.916992188
721.4676074	3.864257813
721.6378544	3.806640625
721.8081014	3.75
721.9783484	3.686523438
722.1485954	3.630859375
722.3188424	3.573242188
722.4890894	3.5234375
722.6593364	3.461914063
722.8295834	3.405273438
722.9998304	3.359375
723.1700774	3.30859375
723.3403244	3.23828125
723.5105714	3.182617188
723.6808184	3.1015625
723.8510654	3.034179688
724.0213124	2.979492188
724.1915594	2.923828125
724.3618064	2.874023438
724.5320534	2.823242188
724.7023003	2.775390625
724.8725473	2.731445313
725.0427943	2.706054688
725.2130413	2.680664063
725.3832883	2.639648438
725.5535353	2.59375
725.7237823	2.545898438
725.8940293	2.500976563
726.0642763	2.459960938
726.2345233	2.420898438
726.4047703	2.368164063
726.5750173	2.322265625
726.7452643	2.27734375
726.9155113	2.237304688
727.0857583	2.200195313
727.2560053	2.15625
727.4262523	2.114257813
727.5964993	2.08984375
727.7667463	2.071289063
727.9369933	2.068359375
728.1072403	2.052734375
728.2774873	2.015625
728.4477342	1.990234375
728.6179812	1.966796875
728.7882282	1.940429688
728.9584752	1.905273438
729.1287222	1.874023438
729.2989692	1.83203125
729.4692162	1.782226563
729.6394632	1.751953125
729.8097102	1.7265625
729.9799572	1.703125
730.1502042	1.684570313
730.3204512	1.6640625
730.4906982	1.640625
730.6609452	1.626953125
730.8311922	1.61328125
731.0014392	1.595703125
731.1716862	1.5703125
731.3419332	1.541015625
731.5121802	1.517578125
731.6824272	1.491210938
731.8526742	1.46484375
732.0229212	1.430664063
732.1931682	1.407226563
732.3634151	1.388671875
732.5336621	1.377929688
732.7039091	1.358398438
732.8741561	1.337890625
733.0444031	1.322265625
733.2146501	1.303710938
733.3848971	1.290039063
733.5551441	1.28515625
733.7253911	1.286132813
733.8956381	1.263671875
734.0658851	1.24609375
734.2361321	1.229492188
734.4063791	1.22265625
734.5766261	1.205078125
734.7468731	1.189453125
734.9171201	1.170898438
735.0873671	1.154296875
735.2576141	1.1328125
735.4278611	1.123046875
735.5981081	1.115234375
735.7683551	1.109375
735.9386021	1.110351563
736.108849	1.098632813
736.279096	1.090820313
736.449343	1.063476563
736.61959	1.041015625
736.789837	1.030273438
736.960084	1.020507813
737.130331	1.010742188
737.300578	1.002929688
737.470825	0.990234375
737.641072	0.967773438
737.811319	0.947265625
737.981566	0.923828125
738.151813	0.916015625
738.32206	0.901367188
738.492307	0.887695313
738.662554	0.875
738.832801	0.869140625
739.003048	0.86328125
739.173295	0.853515625
739.343542	0.845703125
739.513789	0.837890625
739.684036	0.829101563
739.8542829	0.82421875
